0.00000  -0.00000
0.06948  -0.00014
0.13769  -0.00057
0.20433  -0.00125
0.26908  -0.00217
0.33166  -0.00330
0.39177  -0.00460
0.44917  -0.00605
0.50360  -0.00761
0.55483  -0.00924
0.60267  -0.01090
0.64691  -0.01255
0.68739  -0.01418
0.72396  -0.01572
0.75649  -0.01717
0.78488  -0.01848
0.80903  -0.01964
0.82890  -0.02061
0.84443  -0.02139
0.85561  -0.02196
0.86244  -0.02231
0.86494  -0.02244
0.86317  -0.02235
0.85718  -0.02204
0.84707  -0.02153
0.83293  -0.02081
0.81488  -0.01992
0.79308  -0.01887
0.76767  -0.01768
0.73882  -0.01638
0.70674  -0.01498
0.67160  -0.01353
0.63364  -0.01204
0.59306  -0.01055
0.55012  -0.00908
0.50504  -0.00765
0.45808  -0.00630
0.40949  -0.00503
0.35953  -0.00388
0.30847  -0.00285
0.25658  -0.00197
0.20411  -0.00125
0.15133  -0.00069
0.09851  -0.00029
0.04591  -0.00006
-0.00623  -0.00000
-0.05764  -0.00010
-0.10809  -0.00035
-0.15734  -0.00074
-0.20516  -0.00126
-0.25135  -0.00190
-0.29568  -0.00262
-0.33798  -0.00343
-0.37806  -0.00429
-0.41576  -0.00519
-0.45091  -0.00610
-0.48338  -0.00701
-0.51305  -0.00790
-0.53981  -0.00874
-0.56356  -0.00953
-0.58423  -0.01024
-0.60176  -0.01086
-0.61611  -0.01139
-0.62723  -0.01180
-0.63514  -0.01210
-0.63981  -0.01228
-0.64129  -0.01234
-0.63960  -0.01227
-0.63479  -0.01209
-0.62692  -0.01179
-0.61608  -0.01139
-0.60237  -0.01089
-0.58587  -0.01030
-0.56672  -0.00964
-0.54504  -0.00891
-0.52097  -0.00814
-0.49466  -0.00734
-0.46627  -0.00652
-0.43597  -0.00570
-0.40393  -0.00489
-0.37033  -0.00411
-0.33536  -0.00337
-0.29920  -0.00269
-0.26205  -0.00206
-0.22411  -0.00151
-0.18557  -0.00103
-0.14664  -0.00065
-0.10749  -0.00035
-0.06834  -0.00014
-0.02937  -0.00003
0.00923  -0.00000
0.04727  -0.00007
0.08457  -0.00021
0.12097  -0.00044
0.15629  -0.00073
0.19037  -0.00109
0.22307  -0.00149
0.25424  -0.00194
0.28375  -0.00242
0.31148  -0.00291
0.33731  -0.00341
